37.1492
40.3982
36.2992
36.0189
35.1121
34.8372
34.7737
34.1628
34.0856
32.5959
33.1111
32.6197
31.999
31.526
30.9217
34.7018
30.6528
30.3049
30.3315
29.1221
28.8018
28.6085
27.5581
27.1731
26.9615
26.6114
26.3731
26.2628
25.8406
25.3785
25.5002
24.8053
25.5018
24.9378
24.5258
24.4771
24.0752
24.7174
24.6445
24.7071
24.7759
24.6657
25.0085
24.9447
25.2572
24.124
23.8928
23.1768
23.0346
22.6374
22.4902
23.4272
22.962
22.7891
26.2993
22.469
21.9227
21.176
21.6217
20.8376
21.5779
21.1423
21.3382
21.5937
20.5376
20.6856
20.7073
20.1655
19.7665
20.5985
19.6285
19.168
19.5378
19.476
19.0139
18.6792
18.897
18.7915
18.8002
18.3535
17.9945
17.8992
17.8077
17.8554
17.6374
17.0452
16.887
16.9568
17.1771
17.183
17.0434
16.9612
16.7688
16.3861
17.3118
16.8267
16.6182
17.096
17.071
17.0532
16.8741
17.2624
17.2636
17.3403
17.6007
17.2469
17.2813
16.3609
17.0445
16.2262
16.4833
15.9438
16.5302
16.2534
16.061
15.8291
16.3875
16.0983
16.0249
15.7697
15.611
15.2761
15.0798
14.5652
13.8894
13.177
13.3899
14.2572
13.3704
14.102
14.0588
12.5428
14.0699
13.7726
13.6829
14.1412
12.9509
12.3991
13.9528
11.2309
13.0343
13.089
10.9961
12.5928
11.6428
12.3057
10.8301
12.2997
12.4736
12.125
11.0699
10.9293
14.2871
11.352
12.1856
11.24
10.9936
11.3876
12.6298
10.9884
12.0602
11.3426
11.7702
12.6216
12.2583
13.7038
13.2223
11.8693
12.6124
13.864
13.2813
12.4909
12.6889
12.9221
12.9544
13.0932
13.2315
15.5917
14.9105
16.1865
16.4446
17.082
16.5488
16.7881
17.0752
16.9089
17.7185
18.1483
18.152
18.8226
18.7693
18.6056
18.5815
19.3677
19.05
19.8955
20.2781
20.881
21.4508
24.5388
20.5236
20.6966
20.5648
21.5128
21.526
21.3272
22.465
22.1594
22.3158
22.091
22.0928
21.8892
20.8607
20.9173
20.6308
22.2398
21.9587
20.7134
21.2987
22.2242
22.2412
21.3802
20.8911
24.3742
21.7942
20.5466
20.9135
20.552
21.413
20.389
20.2388
20.2013
21.1756
20.5638
19.5938
19.532
20.5022
19.6911
19.3252
19.4127
20.9118
21.1057
18.7514
19.1242
19.0426
18.9896
17.8583
17.7779
19.3851
18.6992
18.1822
18.7164
18.8405
18.7374
18.2202
20.3143
19.8495
20.2858
20.804
21.3841
21.4362
22.0438
22.3169
21.7202
22.4448
22.9298
23.4199
23.2472
24.2411
23.8017
23.9037
23.9544
23.5257
24.4085
24.3142
25.4704
25.3555
27.2856
27.2364
25.7736
25.7851
26.0182
28.2984
27.2076
27.5484
26.5634
28.5376
27.1209
27.5615
27.1116
26.867
26.6468
26.5076
27.216
27.3986
27.4532
27.6211
27.5454
27.0812
27.6552
27.5105
27.1033
26.8268
27.312
26.2657
27.5418
27.3001
28.1216
29.1899
27.2307
25.8394
29.9757
29.2012
27.634
25.6768
23.8286
23.3392
22.488
22.4247
23.5289
23.1588
22.9423
23.4987
23.2559
23.7577
23.7236
23.5967
24.4636
23.7919
23.8349
23.5266
22.9912
22.3917
22.6038
25.9171
22.4165
22.5287
22.3866
22.5728
22.7638
23.8399
22.8119
22.6031
21.9844
22.8965
23.5049
24.8105
24.0884
27.8569
24.4397
24.3654
25.1247
24.8669
24.0764
25.1958
26.0896
25.2273
24.8547
24.4618
25.0446
24.6329
24.436
24.0363
24.3412
26.1657
26.6559
26.2606
25.5875
25.9015
24.8655
25.32
24.9631
26.3334
26.6266
26.2338
26.6246
26.3779
27.78
27.3981
27.2735
27.6124
27.7066
27.6311
27.5097
27.5453
27.4559
27.9005
27.644
26.9827
27.9873
28.0645
27.2271
27.5025
27.8228
27.5886
27.9399
27.5895
27.4637
27.1357
26.9203
26.8404
26.6551
26.6796
26.3282
25.9712
25.7794
25.9962
26.0684
25.5857
25.5069
25.3501
25.6397
25.4225
25.3739
25.5163
26.3847
26.1275
26.185
25.8748
26.0662
25.5192
25.9479
25.8248
25.5904
26.5015
26.2083
26.0021
25.5883
25.5313
26.6954
26.0854
25.6292
25.6433
25.2888
24.9376
26.5771
27.148
27.2061
26.2703
27.1123
26.2562
27.5492
27.7832
27.1459
26.8257
29.9834
26.3952
26.5929
26.891
26.6594
27.16
27.285
27.1156
27.0207
27.3411
27.5949
26.7817
26.7718
26.1082
25.9085
25.6969
26.7078
28.0891
27.868
29.0839
27.5951
25.5699
25.0791
25.9545
25.7526
26.2376
27.0313
27.1834
26.3742
25.7739
25.2824
29.086
25.8385
25.1805
24.9045
24.7146
24.7044
26.6782
24.0066
24.184
24.0839
27.5434
26.7604
24.645
24.0792
24.5261
25.4721
25.8124
25.6667
25.6832
25.7481
26.0035
26.0868
25.8985
25.261
25.8999
26.0655
24.8605
25.2637
25.4329
25.595
25.5243
25.48
24.6364
25.0479
25.0375
24.4844
24.3806
23.999
23.7869
24.2024
23.4285
23.4927
22.7963
26.4919
21.6778
21.8871
26.5685
22.1258
22.5651
25.0348
21.4975
21.9133
22.1665
26.5121
21.8929
22.3766
21.9695
22.1099
25.5543
21.6588
21.1425
21.472
21.2041
20.6151
21.167
20.911
20.7097
24.1807
22.1771
25.8189
21.6635
21.4944
21.6851
21.3677
21.6919
22.2431
22.47
22.2731
21.8077
21.7283
21.7563
22.1728
22.6508
22.746
22.3678
22.0092
23.347
22.8484
24.908
22.9893
23.171
22.774
21.9589
22.2019
22.3826
22.3479
21.8908
22.0548
22.1058
22.6919
22.6946
22.8436
22.9119
23.3461
22.9242
25.1703
23.7241
23.1832
23.2562
23.116
22.9353
23.2153
23.702
23.335
23.4034
23.0596
22.3263
22.5426
23.468
22.7302
22.2137
22.0628
21.9871
22.8154
21.8971
22.1303
22.1474
22.7559
22.8668
23.4642
23.8466
24.118
23.7946
24.7631
25.2953
25.3779
25.3008
25.7801
27.6428
26.1903
26.1013
26.2736
26.2376
25.8941
25.5676
25.5862
26.2336
25.3082
25.1751
25.8708
25.7648
25.9418
26.3927
26.2646
25.3223
26.3224
25.4715
25.4721
25.7238
25.049
25.5989
24.9773
25.2602
26.1254
25.511
25.6525
25.7082
25.9163
26.7099
25.906
26.4645
26.5504
26.8496
26.0224
25.7249
25.4228
25.54
25.0264
24.7538
24.4422
24.4979
24.0415
23.7728
24.3201
22.8747
22.9598
22.9393
23.8665
23.3934
23.82
23.8461
24.4999
24.4777
26.2699
26.6532
25.17
25.88
26.1457
25.6124
25.3451
24.8077
27.166
27.292
26.8876
25.8021
25.8832
26.7489
26.4898
25.5335
25.0199
25.9683
28.5187
27.0418
26.5874
25.6456
26.0084
27.5972
27.7579
27.3082
25.4791
25.414
28.0179
26.6648
25.1181
24.5087
23.8098
23.7915
25.1591
24.4804
25.5999
24.0685
24.3056
24.5363
25.2171
25.2579
25.1698
24.7055
24.7818
24.1988
24.4449
23.7567
24.263
24.1499
23.6288
23.1175
24.2011
24.3165
24.5434
24.5211
24.6735
24.0568
25.4729
24.5384
25.7969
25.5888
25.8095
25.1886
25.4823
26.3536
26.9512
27.3404
26.1364
25.5225
25.4966
26.8748
27.0034
26.7813
26.5724
25.4268
26.2755
26.7837
25.9619
25.7465
25.6036
25.4044
25.0278
25.7668
24.798
24.3403
24.6592
25.2329
25.663
25.305
25.4802
24.2141
24.1271
25.0906
24.947
24.8607
23.6694
23.6
23.3081
24.1561
24.7953
24.8886
24.5371
24.6245
24.7666
25.141
25.3625
27.3222
26.5744
26.0349
26.1408
25.5308
28.1691
25.8729
26.0788
26.0493
26.4072
26.8652
26.8623
27.585
27.705
29.2495
28.9222
28.8211
29.3224
28.9754
28.7093
28.2492
28.9336
28.9206
29.5828
29.8098
29.4144
28.3852
29.5142
29.1315
28.4282
31.4422
31.4991
27.9634
28.3794
28.1064
28.5762
28.2437
28.1869
27.9072
27.7533
28.8778
28.5066
28.9861
28.9354
28.9337
29.9144
28.8201
28.9172
28.6678
28.9238
28.7772
28.5517
28.4103
28.0411
27.9517
27.9258
27.655
27.4276
27.5926
28.6693
28.6864
28.3622
27.2624
27.8115
28.199
27.5658
27.7582
27.4378
28.4562
28.4656
28.5251
29.1301
28.9338
29.0641
29.4348
30.0515
29.7958
29.3264
29.4493
28.9768
29.9439
30.5167
29.8261
29.7099
30.8146
29.9992
29.546
29.3732
29.2485
29.582
29.3264
28.7902
28.7803
28.857
28.6565
28.3938
28.3456
28.6434
29.0489
28.5642
28.4215
28.234
29.1217
28.0671
28.1018
28.0404
27.3748
27.9124
27.9169
27.1902
30.7756
27.7441
26.8093
27.2742
26.4196
26.829
27.3491
26.921
26.5825
26.1528
25.514
25.9987
25.9797
25.4188
25.7234
25.8014
25.368
26.7094
25.6393
24.7864
24.8963
25.4987
26.3285
25.8184
25.6259
24.6183
23.9391
24.3695
25.13
25.1209
25.4455
25.1641
24.1977
24.4517
25.4239
28.1357
25.1617
24.4541
23.9322
23.7313
24.36
23.9686
23.5642
23.5563
23.8001
24.0712
24.7445
23.9555
23.5785
23.5371
24.407
24.5954
23.6925
24.0425
22.6393
23.9858
23.0409
22.6553
22.3262
22.8157
22.6361
21.0356
21.2308
21.8358
20.946
20.8374
20.9554
21.0878
22.2427
22.3067
22.4771
21.8505
28.2231
28.3224
28.3961
28.522
30.5373
28.4404
28.3433
28.2125
28.2633
28.429
29.4733
28.4781
28.1931
28.0693
28.1867
28.538
32.1752
29.5391
27.9516
28.5874
28.3201
27.5387
27.159
27.481
28.1073
28.325
28.1315
28.067
27.0926
26.8643
29.668
26.0478
26.8226
27.7047
26.2918
25.9376
26.076
26.1793
26.8696
27.2343
27.641
26.8806
