14.7167
10.6017
11.0872
10.7553
10.134
10.4169
10.3748
10.3314
10.0324
10.5205
9.91258
10.5715
10.85
10.336
10.5794
10.854
10.4725
10.6188
10.6899
10.492
10.528
11.221
10.5051
10.6603
10.7034
10.4987
10.6544
10.6967
10.4758
10.6166
10.6792
10.5148
10.6668
10.6501
9.9025
8.90154
8.80022
8.90787
8.83427
8.75267
9.03059
8.7328
9.01504
8.72883
9.01155
9.10381
8.8697
8.73517
8.90749
8.96672
8.79043
9.00819
8.75581
8.97488
8.8121
8.87094
8.76966
12.7939
9.1193
8.59539
8.80064
10.9825
10.6807
10.9636
11.7852
11.0963
11.8382
9.04272
8.88179
9.01354
8.8151
9.06886
8.80726
9.00614
8.76035
8.83155
8.81088
8.94221
9.0153
8.77597
9.0191
8.79834
9.02467
8.76275
8.92768
8.82288
9.12835
9.10275
8.80138
9.06874
8.85546
9.17683
8.76118
8.88134
8.7879
8.94003
9.05152
8.72685
9.0249
8.78934
8.97987
8.77219
9.08122
8.79552
8.91546
8.84909
8.88784
9.06346
8.76717
9.11792
8.79162
9.04752
8.78275
8.9495
8.84838
10.1235
9.0617
8.71622
9.09514
8.80003
8.99936
8.80093
9.08906
8.82131
8.78912
8.65965
8.72541
8.83776
8.5904
9.24592
8.74134
9.00918
8.75117
8.98627
8.78579
8.8679
8.81226
9.02771
9.01347
8.77261
9.05674
8.85437
10.1144
8.79274
8.88781
8.79334
10.3183
9.03482
8.79526
9.08992
8.77306
9.12515
8.7856
8.972
9.61002
8.75942
9.06381
8.91274
9.04378
8.76442
8.964
8.81395
8.90499
9.06186
8.83021
9.02928
8.76781
9.10554
8.77334
8.89757
8.76362
8.87645
9.25424
8.77776
9.27366
8.96832
9.05728
8.75315
8.95107
8.83712
9.05059
9.06003
8.78106
9.14915
9.07469
9.03498
8.76758
8.89344
8.78128
9.11776
9.0455
8.76275
9.17443
8.77206
11.6171
12.7852
9.80093
9.57318
8.77946
9.08896
9.06342
8.76208
9.05629
8.77555
9.04224
8.7839
8.97437
8.76662
8.91398
8.80829
8.75405
9.05766
8.75389
9.04864
9.0239
9.02902
11.9249
8.76566
9.07181
8.8297
8.96752
8.80026
9.37226
9.37421
10.5577
8.94813
8.62144
8.85936
8.6167
8.81424
8.4809
8.74211
8.49747
8.71741
8.53142
8.68278
8.61226
8.93043
8.61846
8.71146
8.81312
8.68054
8.73014
8.51562
8.88518
8.63517
8.94842
8.75626
8.89658
8.78586
9.05994
8.98483
8.74048
9.08586
8.77683
9.05347
8.7488
8.9687
8.76742
8.97002
8.77709
8.92723
9.02595
8.76566
9.13248
9.76986
8.94301
8.77789
9.18109
9.076
8.80493
9.01219
8.7712
8.99549
8.77683
10.3766
8.78221
8.84326
9.09085
8.7593
9.38102
8.75882
9.05504
8.80381
8.904
8.76291
8.90714
9.34682
8.78192
9.02035
9.2656
8.97251
8.85962
8.8601
8.75075
8.9329
9.09904
8.77056
9.04486
8.75728
9.03248
8.7417
8.85251
8.76291
8.85037
9.08678
8.73283
9.03712
8.72458
9.04979
8.8487
8.8793
8.79578
8.90982
8.75661
8.79843
9.16099
8.78691
8.9807
9.91606
8.96941
8.77347
8.93091
8.77229
8.78438
9.03053
8.75862
9.05165
8.78118
9.06435
8.73098
8.84662
8.80742
10.4998
11.0561
8.78918
9.03536
8.79629
8.84979
8.70275
8.89149
9.16854
8.75984
9.01786
9.36378
9.10528
8.63213
8.70518
8.7719
8.9544
8.75811
8.79475
11.5482
12.6227
11.5629
9.6847
9.44442
9.48403
9.17091
8.79357
9.06182
8.77386
9.00266
8.7545
9.04822
8.7912
8.86752
11.7091
11.4139
9.04906
8.77574
9.01978
8.76688
8.79216
9.09952
8.78541
9.06106
12.7039
12.7132
9.39472
9.0416
8.99514
8.80784
8.82198
8.96467
8.77546
11.9463
12.8462
9.47104
9.57114
8.76566
9.06003
8.77613
8.98266
9.11264
8.57872
8.92848
8.61722
8.87107
9.03958
8.86637
8.5839
9.06026
8.82214
8.94474
8.85674
8.94662
9.05578
8.91546
10.9095
12.7126
8.6177
8.94803
8.5449
8.88973
8.5983
8.88758
8.60557
8.90954
8.82541
8.96262
9.80128
8.7297
9.06176
8.73917
9.10893
8.7609
9.14352
8.76954
8.96774
8.8095
8.86307
9.01075
9.69466
9.04218
8.76806
9.08381
8.75926
8.88096
8.79987
8.89629
8.98966
8.79965
9.01459
8.80806
9.09005
8.90461
8.97712
8.92547
8.89699
8.86954
9.00717
9.05293
8.93731
9.00342
8.74627
9.12442
8.77146
8.86138
8.76576
8.9183
8.92931
8.75757
8.98922
8.75379
9.46768
8.80717
8.88438
13
8.58595
9.04714
8.8463
8.9351
8.78499
8.88147
8.88618
8.86986
8.99837
8.75526
9.04995
8.76067
9.04925
8.77392
8.96557
8.74816
9.08861
8.73542
8.86349
8.98954
8.74182
8.98019
8.76477
9.10294
8.70947
13.0019
8.80598
8.53366
8.7816
8.55798
8.84211
8.53578
8.69283
8.56374
11.2119
12.3664
8.63994
8.86659
8.74723
9.01178
9.05491
8.7577
8.96502
8.76304
9.02138
8.75875
8.89552
8.83802
9.01366
8.92493
8.76454
9.00237
8.76637
8.96461
8.74685
9.01568
10.8292
8.92403
9.02646
8.76928
9.0328
8.76515
8.9897
8.8183
8.88323
9.14899
9.0839
8.96266
12.6603
8.99126
8.77472
8.94784
8.97763
8.74493
8.95414
8.73824
9.02794
8.7537
9.01552
12.8303
8.75264
8.96675
8.80704
8.94125
8.90934
9.13622
9.16474
8.72029
9.05354
9.89834
9.0296
8.71958
8.86765
8.93558
9.02502
9.05808
8.75037
9.02653
8.75901
9.00029
8.88099
8.9968
8.77165
8.97133
9.03562
8.73942
8.94406
8.73866
9.15802
8.88854
8.93043
8.93075
8.95107
8.94442
9.06419
10.1312
8.72218
9.06922
8.74358
9.00944
8.772
9.00234
8.8185
9.03885
8.99843
8.71158
8.98256
8.79267
8.93616
8.78458
8.9847
8.71248
8.80096
8.64125
8.90787
8.65258
11.251
8.92694
8.78525
9.06067
8.84384
8.86832
8.77754
9.06032
9.01296
8.75677
9.03552
8.78442
9.06653
8.76336
9.3151
8.80886
9.4704
8.9535
8.7703
9.25853
8.76787
9.06586
8.7631
8.94115
8.7833
9.07482
9.73933
8.81306
8.9951
8.76698
9.11379
8.78278
8.88714
8.74317
8.85914
9.04979
8.77654
8.99286
8.90182
9.08845
8.7681
8.86925
8.76445
8.95408
9.12445
8.7448
9.04413
8.82157
9.05251
8.7657
9.08195
8.75702
8.8561
8.77238
9.1793
8.94525
8.75891
12.0943
8.71478
8.92432
8.81814
8.78342
9.09059
12.7391
8.80035
8.65926
8.848
8.88307
8.62035
8.81779
8.69616
8.83376
8.63997
9.04694
8.67936
11.6714
11.6327
8.63946
10.0829
11.0155
8.82317
8.90451
8.78058
9.01299
8.76499
9.01594
8.7399
8.90166
8.76941
8.86166
8.9632
8.75533
9.0687
8.76282
9.02339
8.77277
9.02339
8.75971
8.84339
8.73078
8.8264
9.03754
8.7585
9.69914
8.75603
9.04778
8.7871
8.93814
8.76685
8.95702
9.10586
8.79571
9.04022
8.78826
9.06214
8.73459
9.01856
8.87869
8.89715
8.85114
8.89478
9.05488
8.77891
9.05942
10.7729
8.86762
8.78819
8.95139
8.77763
8.81155
9.05664
8.77162
9.12858
8.7824
9.02352
8.8576
8.86861
8.76259
8.92643
9.0489
8.75162
9.10902
8.8335
9.00022
8.74781
8.87306
8.7543
9.14621
9.0065
8.74653
9.04525
8.75354
9.0065
8.76646
8.91683
8.78438
10.7771
9.04736
8.77104
9.00771
8.80816
9.0775
8.77482
8.8543
8.75763
8.95626
9.01696
8.73936
9.03923
11.4826
11.1909
8.89616
8.59043
8.81382
8.58256
8.88109
8.5904
8.85562
8.59104
10.5445
9.69792
8.78179
9.09242
8.75584
9.04643
8.75318
9.08301
8.83261
8.95744
9.1009
8.75725
9.06803
8.81731
9.04125
8.74275
9.01261
8.75536
8.86966
8.76083
8.9136
9.01459
8.77814
9.05501
8.75821
9.01258
8.75994
8.99923
8.7872
8.95901
8.75997
8.74688
9.1025
8.75405
8.9728
8.75888
9.01181
8.7687
8.87786
8.75491
8.8425
9.03114
8.7569
9.00688
10.7875
12.9413
10.3541
8.77853
8.87824
8.72051
8.78627
8.71638
8.96794
8.97757
8.76342
9.12794
8.74646
9.13018
8.7615
11.338
12.9416
8.58109
8.83069
9.19373
9.40064
8.81539
8.72352
9.05248
8.74893
9.00134
8.76659
8.95091
8.74022
8.83421
8.7921
9.03757
9.05104
8.71696
9.1344
8.74973
8.99792
8.78163
9.78934
12.918
10.027
8.9161
8.74995
8.84838
8.8528
8.77091
9.11702
8.7521
9.47482
8.78573
9.11155
8.77219
9.02381
8.78797
8.75722
9.06307
8.75773
9.10413
8.75309
9.03142
8.77213
8.83987
8.72198
8.956
9.07814
8.78179
9.06845
8.8727
9.08064
8.80387
8.98934
8.7961
8.9601
8.91674
8.91155
9.07914
8.78726
9.02515
8.7631
9.01478
8.81584
8.93142
8.76944
9.09091
9.00691
8.74438
9.09629
8.76554
9.01645
8.77805
8.9081
8.7537
8.90038
8.77226
8.88995
8.98806
8.73197
9.05731
8.79741
9.07446
8.75139
8.86816
8.74019
9.01584
8.76915
8.76
9.03501
9.29859
9.07933
8.79347
9.04336
8.75299
9.0128
8.7409
8.78426
8.95062
8.74634
8.94874
8.69366
8.95411
8.74541
8.83104
8.82326
8.91277
8.82701
8.8103
9.08518
8.69978
9.04691
8.70851
8.99453
8.72445
8.77629
8.70736
8.84896
8.75901
8.96096
9.03421
8.75302
9.04333
8.73555
9.05293
8.7815
8.94032
8.80224
11.9096
9.09648
8.76957
8.99258
8.90704
8.85414
8.77149
8.90272
9.05888
8.77939
9.06272
8.71274
9.03472
8.73098
8.81062
8.78554
12.9
9.1215
8.76541
8.98758
8.71763
9.00867
9.0057
8.94986
9.01066
8.81936
9.06179
