25080.6
5605.17
17.1568
16.2262
24.3065
17.2584
16.0364
15.9325
15.6381
17.2583
15.6108
16.4405
17.2114
16.5642
16.5378
16.7467
16.5882
15.9563
16.0318
16.6551
16.2235
15.7257
16.499
16.2276
16.4541
17.1246
16.2033
16.511
16.2163
33.1249
16.7372
15.7908
16.3104
16.9981
16.2547
16.512
16.9
16.0214
16.7644
16.0146
16.3989
16.2519
15.5992
16.7745
16.5961
15.1433
16.5981
16.0911
33.7701
15.5664
16.0751
16.4319
17.4528
15.8907
16.7098
17.3433
15.4698
16.4553
16.1968
16.6573
16.8567
16.1469
16.5405
16.2828
16.3776
16.3893
16.3721
16.8543
15.793
32.556
16.2106
16.3809
16.6309
33.3863
14.525
17.0515
15.9809
15.1581
17.3681
15.8023
16.859
16.4834
16.8362
15.8084
17.1268
15.7581
16.2358
17.8492
16.6799
15.7877
16.6939
15.9812
16.0788
16.1906
16.2277
17.2417
16.1184
32.5409
17.4895
16.1972
16.4421
32.7444
15.2518
16.4731
16.1216
34.1959
15.139
16.6927
15.2309
33.9173
16.1677
16.8233
15.9155
33.791
16.0931
16.8125
15.9046
33.3569
16.5152
16.7541
16.1978
16.1784
16.2065
16.6906
16.4806
16.0558
16.6628
15.9954
16.4502
16.5152
16.4997
15.9044
15.2461
18.1574
15.0058
17.3842
16.2651
15.9267
16.7042
16.5954
16.6707
17.5886
15.281
32.6181
15.6925
16.7038
16.8468
33.2252
15.1586
16.274
16.8004
34.0706
15.1638
16.7825
15.9301
16.0969
16.1454
16.2891
16.5425
16.2272
16.6675
16.1064
16.2876
16.1663
15.146
16.4269
16.0797
16.505
16.0351
15.263
16.5233
17.1332
15.069
16.8029
17.7675
16.5302
15.9083
17.3665
16.6758
15.9967
16.6637
16.0234
18.4503
15.2543
15.7303
16.6542
15.576
33.0476
16.0932
16.9783
15.9955
16.2949
14.6836
16.4687
17.717
14.9756
16.8307
16.973
16.3257
16.5349
14.7968
16.9202
16.1076
16.998
17.0243
15.8427
16.5491
16.4868
16.1725
16.769
15.8609
16.9479
15.4811
17.3029
15.8302
15.9566
16.1538
16.2488
16.6196
16.6198
16.3074
16.8056
15.6214
17.0214
16.2221
16.0835
16.6219
16.2643
33.2487
16.1645
16.5677
16.412
32.6195
16.0429
16.1545
16.4433
33.8976
16.3347
16.4913
16.6941
16.3327
16.157
16.2804
16.9085
15.6625
16.2627
16.2518
15.6085
17.7833
16.4366
16.3052
16.3359
16.3091
17.1566
15.2865
16.632
15.3303
17.0531
15.322
17.5315
16.5237
16.1587
33.0162
16.1082
16.4436
16.5612
33.1405
16.3291
16.3317
16.2134
32.8176
16.181
16.5329
16.5974
16.1355
16.2034
16.4039
16.1999
15.9595
16.5046
17.2839
16.5747
16.1943
17.0166
16.2691
16.0342
16.3717
16.3221
16.5213
16.1461
15.2058
16.237
16.6181
16.3645
16.4784
16.3601
15.8924
16.4875
15.9962
16.4338
16.0082
24.3261
8.55334
16.5265
16.4964
16.4737
16.6815
16.0524
16.3968
16.6364
16.2676
16.3452
16.496
16.2414
16.7034
16.152
16.5094
16.0532
16.46
16.4696
16.7548
16.8361
16.1572
16.4179
16.4503
16.695
16.4664
16.1837
15.8757
16.6116
15.9222
15.9608
24.4253
8.45808
7.29334
16.7613
16.9904
16.0158
16.61
16.1553
16.1337
25.8338
15.9826
16.8652
15.8984
16.0858
16.5437
16.8351
16.368
16.4886
16.0996
16.5071
16.0242
16.5021
16.3852
16.3654
16.4084
16.2652
16.728
15.9437
16.3188
16.512
16.011
17.0943
16.02
33.1395
15.9369
17.4552
15.736
16.3855
16.2373
6.68506
17.4334
15.5579
16.6871
16.0487
16.2786
25.9213
16.305
16.5959
16.2631
15.9675
16.6563
16.1986
16.474
6.70614
16.6301
25.755
16.3372
16.1883
16.4715
6.68429
26.2711
16.2257
16.7582
16.0131
16.0318
16.9399
16.0797
16.5497
16.4829
16.1731
16.4565
15.9332
16.9172
16.3707
16.4398
15.9412
6.89309
17.4126
15.974
16.3347
26.1239
15.8358
16.6771
16.2847
16.3856
16.7158
16.0308
16.5554
15.6759
7.08432
26.2803
16.3981
16.4328
16.2454
16.2736
16.6272
16.232
16.6423
16.1507
15.7842
16.6084
16.4972
16.3684
16.2536
6.95763
26.1946
16.1487
16.7985
16.2817
16.2868
16.6799
16.3405
16.0574
16.5284
16.0262
16.5052
16.2101
17.0774
15.835
16.3163
16.7618
16.4542
16.3894
15.9419
16.6529
16.3108
16.1768
16.5246
16.2492
16.3812
17.3718
15.658
16.3865
16.388
16.2175
17.1042
15.9756
16.381
16.9421
16.1206
16.9689
17.1174
16.2526
16.3598
16.6202
16.2178
16.3451
16.5542
16.2858
15.4025
16.7408
16.5401
16.1546
16.4349
16.899
16.5516
15.7321
16.1767
16.3739
16.3262
16.5968
16.2695
18.6259
15.0159
15.7063
16.8232
16.9431
15.7547
16.5539
16.9575
16.3554
16.2632
16.5911
16.2271
16.3258
16.7452
16.451
16.9257
16.188
15.5338
16.9098
16.1025
17.1621
16.385
16.3688
16.1051
16.0748
16.5492
16.3139
16.622
17.1881
16.2774
16.5119
15.4912
15.9143
16.5307
17.3236
32.8779
16.4253
16.6626
15.6232
16.3176
16.0847
17.9995
16.5027
15.8652
33.1301
15.5954
16.5512
15.3238
16.8138
17.1337
16.0581
16.1114
16.2129
16.0703
16.7369
16.6153
16.704
15.9047
16.5201
16.454
16.1551
16.1627
16.2078
33.1907
16.268
16.5031
16.6276
16.5125
16.616
15.9667
16.5915
16.1479
15.7423
16.5436
16.3838
16.6552
16.0907
16.4495
16.7379
15.699
16.9686
15.9281
15.9777
16.826
16.2557
16.6452
15.7041
16.2878
16.6018
16.1397
16.5419
16.4969
16.3277
16.4949
16.5376
16.3159
16.4008
16.1388
17.1726
16.2152
16.4
16.4087
16.8885
15.2359
16.5968
16.4235
15.9018
7.03894
26.1812
16.2891
16.8451
15.9301
16.5341
16.4915
16.9842
16.8685
15.6692
16.7762
16.3135
15.5795
16.7933
15.8471
17.0264
15.7585
16.3292
17.2984
16.0573
16.5838
15.9985
16.5258
16.3099
16.3117
16.3447
16.6423
16.0619
16.6716
16.2253
16.3372
16.389
16.3611
16.3605
16.2751
32.9926
16.3327
16.4909
16.9177
33.4089
15.8295
16.5744
15.9372
33.3157
16.0668
16.0157
16.0857
32.5534
16.307
16.5555
17.0042
15.7392
16.8242
16.0509
16.8811
16.0276
16.4737
16.3501
16.1339
17.3526
16.0764
33.308
16.4053
16.6257
16.6502
33.2345
15.9385
17.1911
16.0644
33.1412
16.0841
16.7631
16.8437
32.799
16.368
16.5375
16.2248
32.8071
15.9205
16.7793
16.2613
33.613
16.0228
16.33
16.7519
16.2082
15.9383
16.0238
16.1064
16.3512
15.8027
18.1704
16.2629
14.9544
18.1129
16.9769
15.9516
16.4692
16.4174
16.1019
16.6741
16.3374
15.2302
16.2903
16.3115
16.4987
16.3865
16.2151
17.7616
16.2932
16.5584
15.8102
16.5804
16.7805
15.6153
33.2505
33.2531
15.6693
33.7952
32.9585
16.0655
32.8339
33.1482
15.6518
33.0355
32.7814
16.0046
16.9216
15.6508
33.8217
15.3921
33.5985
33.0626
15.714
17.2128
15.6191
33.4302
15.7947
16.5286
15.636
33.5756
15.7847
16.7124
15.7835
33.5154
15.8177
16.8528
16.2541
33.2618
15.6639
17.3056
15.2924
34.1893
15.253
17.5101
15.2652
34.1304
15.4034
17.3364
15.5826
33.7096
15.8776
16.7333
15.5952
32.8853
15.8268
16.3275
15.5273
32.8281
16.2393
16.7588
15.8088
16.6906
15.7638
16.4309
16.6577
16.2917
32.2469
14.1512
16.9877
15.9982
15.2195
16.9801
16.1223
17.3172
16.2351
16.206
15.7136
17.5098
15.452
16.3296
16.6205
16.5185
16.0076
17.1638
15.9954
16.4317
15.3187
17.0686
16.1405
16.6139
15.8325
16.3246
16.5192
18.3435
15.3452
16.4465
14.8391
16.5472
17.238
16.4962
16.2189
17.8169
16.4266
17.2474
16.1097
32.8522
15.8902
17.1442
15.7151
34.0247
31.9788
15.132
16.614
16.052
33.1474
16.8449
17.1661
15.7296
16.3227
15.8168
16.3606
16.2034
15.8093
16.6312
14.4091
16.1373
16.6487
16.1766
18.9597
16.3799
15.9675
17.17
15.5731
33.9252
15.5358
16.71
15.1667
33.0849
16.1314
16.5316
16.1803
16.5734
15.6888
16.4857
16.354
16.3403
33.0542
15.9403
17.9964
16.3233
32.0828
16.1447
16.866
15.7899
33.1775
16.2708
16.5579
15.8166
33.0567
16.2234
15.9442
16.1068
15.654
16.3829
16.0924
16.9636
15.8851
16.8112
16.0045
16.3295
16.6624
16.3394
16.4908
16.0691
16.7906
16.0343
16.4066
16.2353
15.7498
18.2139
16.3918
16.4723
16.0098
16.2506
16.3355
16.0888
15.8075
17.2196
15.8153
16.4392
16.3114
16.2618
16.8122
16.0378
16.3689
16.487
16.4784
16.3445
16.2918
16.4789
16.447
15.0484
16.7208
17.0017
16.8569
15.79
17.739
15.4526
15.5912
16.138
16.6784
16.2198
16.5815
16.4996
15.9977
16.7962
16.1838
16.7955
16.1237
16.6916
16.452
15.8284
16.9163
16.0316
16.1796
16.8082
16.2986
16.5966
15.2051
15.8177
16.5848
18.2405
16.1242
15.9586
32.4561
16.4758
16.3861
16.3229
16.4142
16.6199
16.2119
16.5311
16.2306
16.0308
16.4978
16.3717
16.3743
16.4343
16.4927
16.1668
16.3556
16.7027
16.4372
16.2221
16.2692
16.9295
16.7155
15.4138
16.2521
19.0631
14.373
16.6949
16.2106
17.0422
16.0232
15.6423
16.6191
16.4415
16.3614
16.0787
16.4803
16.6892
16.6675
16.09
16.4402
16.1021
16.7661
16.5294
15.9863
16.7392
16.057
16.4712
16.0419
16.644
16.221
16.3694
17.1496
15.7853
