33.0126
32.4732
15.9349
16.8351
15.7444
33.6064
16.0878
16.8309
16.0178
16.6907
16.2632
19.6315
16.0438
17.1259
15.8897
15.9213
16.8815
16.1988
16.1827
16.4602
16.7731
16.1595
16.4759
16.6151
15.852
16.1582
16.8539
16.1038
16.8015
15.7253
16.9341
16.2455
15.914
16.5249
16.0185
16.8522
16.1928
16.6361
15.8456
16.6559
15.8244
16.5628
16.7917
15.8659
16.325
16.3872
16.522
16.5808
16.3879
16.6094
15.8539
16.7444
16.5644
16.8047
16.0635
16.5077
16.1744
15.9407
16.715
16.3207
17.0745
15.6622
16.9666
16.1686
16.7263
16.5296
16.177
16.3747
16.4913
16.5959
16.1828
16.0987
17.1099
15.7573
16.9605
16.1302
16.2947
16.2669
16.6068
16.0636
17.16
16.0578
16.326
16.4547
16.8235
15.6972
17.0418
15.8865
16.1843
16.4748
16.0415
17.0842
15.8409
16.5918
16.2049
16.8243
16.0103
16.6185
16.1834
16.3692
17.1935
15.5552
16.8121
16.0393
16.4111
16.7546
15.8637
16.1073
16.9618
16.106
16.4832
16.524
