53.315
45.8635
46.0572
48.2161
45.9401
45.8916
46.2836
46.1946
45.7896
45.7299
46.3825
46.6709
46.2465
46.9508
46.6029
45.8991
46.392
46.5588
46.3287
46.3569
45.8432
45.6847
45.3789
46.0973
44.806
45.2072
45.8927
45.6531
45.2631
45.2005
45.8859
44.7571
45.315
45.4279
45.4099
45.4952
45.2332
45.5928
46.1739
45.3726
45.3137
46.6447
45.2079
45.765
45.6655
45.5284
45.7923
48.8376
46.2369
45.8267
45.8905
46.0126
48.005
47.6125
46.6008
46.3085
49.218
46.3673
46.5198
46.8371
47.8211
49.8571
46.3911
46.6937
45.998
45.6216
45.817
45.9195
45.9357
46.7308
45.4894
47.1033
47.091
46.1748
45.5587
46.6364
46.7276
46.4704
48.3082
47.0836
46.9284
46.9946
47.314
47.3602
46.7522
47.1882
46.5425
46.6771
46.8231
46.1055
46.6073
46.5437
46.671
46.8517
46.3255
46.664
47.1044
46.9252
46.1441
47.0398
46.4959
46.5417
46.2571
46.5329
46.6414
47.1424
46.356
46.3937
47.7107
46.6742
47.2643
46.8058
46.4293
46.5112
48.2446
46.1396
46.6748
46.4206
47.1568
46.4291
46.9412
46.9882
49.8424
47.923
48.0257
47.7182
47.4852
47.0784
47.9818
46.7374
47.3425
47.6751
47.9468
47.3883
47.2881
47.1208
47.3191
47.6177
46.9273
47.2985
46.7825
48.5694
48.8668
47.4156
47.6052
47.5241
49.3983
47.6627
47.1541
48.0825
46.6821
47.2989
47.2623
47.2738
47.6624
47.9132
47.8368
47.7257
47.5759
47.0969
50.2833
47.6697
48.2024
47.7145
47.4284
47.2078
47.9746
48.1368
47.6682
47.9428
49.2277
47.8951
50.212
48.1275
47.5518
47.949
47.421
47.509
47.7432
47.0761
47.8235
48.0674
47.9471
47.3926
48.0567
47.519
48.1056
47.036
47.9492
47.6025
47.955
48.1481
47.7744
48.3184
47.6238
48.0905
47.5076
47.2606
49.0167
47.995
47.8911
48.0046
48.1798
48.3293
48.422
47.724
47.9421
50.8693
48.4163
48.2126
48.1699
47.6295
48.8951
48.6522
48.3864
48.2532
48.9206
49.0237
48.9639
48.4102
48.5831
48.8474
48.4435
48.8805
48.8403
48.338
49.0356
49.0697
48.2779
49.3237
48.4198
48.3541
48.8426
49.2424
48.8373
50.014
49.1665
49.2724
48.4498
48.3736
49.193
48.7601
49.5309
49.0967
49.5671
49.9917
49.3445
49.1026
48.8502
49.1843
48.5416
48.5195
48.6053
49.4512
49.6306
48.7925
49.0427
49.3998
49.5075
50.1334
48.67
49.5205
49.4757
49.3176
49.2132
49.6118
49.2233
48.6663
49.6741
49.5754
49.2575
48.6366
49.5162
50.2993
49.8066
48.4706
49.3905
48.9574
49.17
48.7459
49.7677
49.1161
49.5636
49.3727
50.1638
49.2529
49.1638
49.4198
48.5837
49.26
49.0109
49.6469
49.094
49.5892
49.3094
49.5541
50.9667
49.3859
48.95
49.5553
49.205
49.5482
52.589
48.9447
48.7504
50.0592
48.9305
50.4413
49.9004
48.6556
49.8729
50.838
49.8821
49.3718
49.7821
49.3532
49.1333
47.8387
48.6085
49.2841
48.8939
49.1618
48.6804
50.2557
49.0737
48.7572
49.7307
49.1589
51.9889
48.4937
49.1194
49.835
49.1964
48.9868
49.3534
49.4763
49.7154
49.8658
50.3139
49.3327
49.8813
50.5622
50.0315
49.3821
50.73
49.6027
49.1803
49.0769
50.636
50.0996
49.9145
49.8025
49.7272
50.7624
50.7366
53.3996
50.175
51.69
50.6191
50.2965
49.9688
50.2028
49.2329
49.634
50.2053
49.9671
49.9301
49.9191
50.0266
49.9231
49.8229
49.3588
50.0322
49.6406
49.7012
49.8083
50.2899
49.8058
50.522
50.2385
50.2558
50.1616
50.9506
51.0643
50.0742
50.5929
51.0822
50.2726
50.0182
50.1124
50.0315
50.9282
49.7263
49.7697
50.7291
49.5408
50.4862
50.3416
50.5581
50.0388
49.9586
50.1255
49.8004
50.4841
50.2218
49.9384
53.4446
51.1373
53.3415
51.0168
51.6251
51.1254
50.6259
50.8691
51.2122
50.9776
50.0126
50.7537
49.6362
50.2521
50.5645
50.0508
49.8184
50.2574
49.7877
50.1962
49.7888
52.0026
50.5033
49.9949
50.2473
50.8547
50.7179
50.6746
49.876
51.1197
50.6399
51.4126
51.695
51.3451
51.246
51.751
50.8473
51.3127
51.1573
52.5873
50.9028
53.8481
51.3775
51.4386
51.4659
53.2947
50.6001
51.6148
51.8676
50.7259
54.1035
54.2111
51.4599
50.88
51.0384
51.0116
51.2332
50.8525
51.1694
51.3958
51.12
53.044
51.2913
51.0245
51.0012
50.7878
51.2449
51.617
52.0256
51.3539
51.2551
50.2494
50.693
51.2043
50.5808
50.9185
50.63
50.7827
53.813
51.7066
50.6692
50.9344
50.4622
50.9935
50.9453
50.8911
50.9622
51.1886
52.4499
51.3034
50.8798
50.3288
51.0267
50.764
51.0189
52.1036
52.6325
52.0311
52.4464
51.6691
52.4042
52.1837
51.4702
51.486
53.7374
51.8563
51.8931
51.5368
51.4068
52.3163
51.3366
50.2047
53.0013
50.0482
53.6916
51.3212
52.0536
51.9402
50.5062
50.7024
50.7076
51.0241
51.1213
50.7497
50.4229
50.6038
50.873
51.3658
50.2117
50.6428
50.7802
50.7118
50.7848
50.8341
50.7589
50.9115
50.61
50.7097
50.6293
51.2644
51.2106
51.2035
51.2712
50.6914
51.4639
51.4895
53.018
51.8168
51.1319
50.67
50.9248
50.379
50.7958
50.4043
51.274
51.0641
51.9471
51.4336
51.518
51.2999
51.0173
51.5843
54.3049
51.5538
51.7152
52.0535
51.5138
51.4956
52.2315
51.7224
52.1593
51.0292
51.5365
51.2485
51.2469
51.7646
51.9931
51.8313
51.2245
51.0565
51.542
51.9034
51.6081
52.5959
51.9884
51.7861
51.8919
51.3899
51.466
50.9295
51.4242
51.1661
50.7178
51.0852
51.5455
52.3398
51.1218
51.2741
51.7665
50.9588
53.1791
51.3009
51.031
51.0276
51.5378
51.7396
50.7828
51.6108
50.6575
51.2954
52.5317
51.709
52.8448
51.9091
52.3231
51.2506
52.1113
51.3682
52.0828
51.5102
52.1596
52.4306
51.7428
52.5831
51.4366
51.6978
51.3245
50.9573
52.0918
51.6179
51.7966
51.6934
53.5356
51.5268
50.9484
51.469
51.5119
51.2806
51.5994
51.37
52.4209
49.6785
51.4902
50.9739
51.1919
51.5344
51.3268
51.7065
52.581
51.7685
51.8052
52.9526
51.1079
51.5604
51.9428
51.6076
51.7101
52.0176
51.8271
51.4831
54.57
51.9795
52.1128
51.7344
51.6715
54.0775
52.071
52.17
52.4966
52.3953
51.99
51.9777
52.2644
51.9328
51.4633
51.9764
52.0368
54.924
52.7076
51.8367
51.7329
51.6757
52.2069
51.9832
51.7102
51.7049
52.2472
51.9897
52.5857
52.2483
51.9308
52.123
52.358
51.8179
51.4779
51.8703
52.4338
51.8652
52.2122
52.6862
52.3929
55.1035
52.268
51.9858
51.714
52.8305
52.157
51.8775
51.9247
52.355
51.9291
52.5022
51.3048
52.8214
52.1205
52.6236
52.4239
52.5314
52.763
52.1545
52.3233
52.9628
52.3339
51.8803
52.1035
51.6209
51.8888
52.6242
53.4023
52.0363
52.3778
52.0703
52.505
52.4195
52.5595
52.9419
52.4927
52.2383
53.7748
52.4712
51.5939
52.7201
52.4527
53.1724
52.5801
51.3937
52.7384
52.3861
52.2198
52.7806
52.5008
51.8338
53.4359
52.5669
52.4446
52.5239
55.439
52.7314
53.0759
52.9015
53.6111
53.1616
52.1198
52.5675
53.5143
52.977
52.8668
52.8685
52.612
52.8378
52.3412
53.2155
51.9811
52.8237
52.7123
53.0184
51.9306
53.0378
53.2941
51.3967
52.9231
52.3856
51.7916
53.5626
52.2865
52.1036
52.8668
52.356
52.3187
53.6195
52.7077
53.03
52.1795
52.9593
52.6744
52.3244
52.9965
53.2378
53.3671
52.887
53.0265
52.1022
53.3942
51.9291
55.4389
52.6214
53.6759
53.1379
53.2907
53.6785
52.4934
52.4515
53.5907
52.4354
53.3392
53.7808
53.0677
53.1413
54.048
52.9389
52.9116
52.8144
52.5399
52.1465
52.384
52.9164
53.7748
53.0194
53.7132
54.8683
56.1594
53.198
53.3897
53.8182
54.8377
52.405
53.0326
53.0963
52.3036
53.4085
52.8324
53.7265
53.2241
53.1108
52.9632
53.9003
53.0188
53.7432
53.3726
52.4549
52.654
52.9947
52.4009
52.6052
53.1152
53.1089
52.5218
53.091
53.666
53.6029
53.6004
53.178
53.4202
53.0889
53.6878
53.1389
52.6728
53.6432
53.8546
53.2425
53.23
53.271
53.2527
52.757
53.8064
56.0854
52.9101
52.926
52.6848
54.9243
53.3502
52.9202
53.3951
53.0124
52.9818
53.013
56.5042
53.0131
53.9696
53.6996
54.288
53.5676
53.2459
53.6285
53.2515
53.4438
53.3501
53.315
52.9541
53.6133
52.8689
52.933
53.4666
51.7493
52.5769
53.0763
52.1738
53.1244
53.2029
53.0736
52.8359
52.1887
53.4437
54.5727
53.2997
52.6234
55.8216
52.7677
53.4359
53.3493
52.6086
52.6394
53.0201
52.6951
53.3391
53.1412
56.1637
52.9908
52.3059
52.78
53.5806
52.5053
53.2291
53.6874
53.1606
53.3491
52.5287
53.8342
53.2933
53.4977
53.0213
53.4565
52.9861
53.7778
53.4008
52.8472
53.1762
53.0252
53.1651
52.9788
53.4496
52.8611
52.9771
53.4038
53.0461
53.1555
53.3378
53.6085
52.8116
53.477
53.7354
53.3225
53.5869
53.127
53.1132
53.0334
52.711
53.5997
53.1717
53.4551
53.1102
53.3375
53.5153
55.557
53.4214
54.0404
57.4586
54.0532
53.6481
53.7384
54.0706
53.8239
52.5326
54.086
53.1133
52.7466
54.0611
53.4009
54.0356
53.8855
53.0454
54.4826
52.9792
56.6072
